<?xml version="1.0" encoding="UTF-8"?>
<svg xmlns="http://www.w3.org/2000/svg" xmlns:xlink="http://www.w3.org/1999/xlink" width="500" zoomAndPan="magnify" viewBox="0 0 375 374.999991" height="500" preserveAspectRatio="xMidYMid meet" version="1.0">
  <defs>
    <g></g>
    <clipPath id="b3bc4f1394">
      <path d="M 52.292969 137.890625 L 323.042969 137.890625 L 323.042969 236.890625 L 52.292969 236.890625 Z M 52.292969 137.890625 " clip-rule="nonzero"></path>
    </clipPath>
  </defs>
  <g clip-path="url(#b3bc4f1394)">
    <path fill="#002244" d="M 52.292969 137.890625 L 323.042969 137.890625 L 323.042969 236.890625 L 52.292969 236.890625 Z M 52.292969 137.890625 " fill-opacity="1" fill-rule="nonzero"></path>
  </g>
  <g fill="#ffffff" fill-opacity="1">
    <g transform="translate(100.709852, 185.584807)">
      <g>
        <path d="M 6.265625 0.21875 C 5.160156 0.226562 4.195312 0.0507812 3.375 -0.3125 C 2.5625 -0.675781 1.785156 -1.21875 1.046875 -1.9375 C 0.972656 -2 0.910156 -2.070312 0.859375 -2.15625 C 0.804688 -2.25 0.78125 -2.351562 0.78125 -2.46875 C 0.78125 -2.644531 0.847656 -2.804688 0.984375 -2.953125 C 1.128906 -3.097656 1.289062 -3.171875 1.46875 -3.171875 C 1.632812 -3.171875 1.789062 -3.097656 1.9375 -2.953125 C 2.507812 -2.335938 3.15625 -1.867188 3.875 -1.546875 C 4.59375 -1.234375 5.367188 -1.078125 6.203125 -1.078125 C 6.898438 -1.078125 7.519531 -1.179688 8.0625 -1.390625 C 8.613281 -1.609375 9.046875 -1.921875 9.359375 -2.328125 C 9.679688 -2.742188 9.84375 -3.21875 9.84375 -3.75 C 9.84375 -4.425781 9.660156 -4.96875 9.296875 -5.375 C 8.941406 -5.789062 8.460938 -6.132812 7.859375 -6.40625 C 7.265625 -6.675781 6.601562 -6.921875 5.875 -7.140625 C 5.28125 -7.316406 4.710938 -7.515625 4.171875 -7.734375 C 3.628906 -7.960938 3.144531 -8.238281 2.71875 -8.5625 C 2.300781 -8.894531 1.972656 -9.300781 1.734375 -9.78125 C 1.503906 -10.257812 1.390625 -10.84375 1.390625 -11.53125 C 1.390625 -12.300781 1.59375 -12.984375 2 -13.578125 C 2.414062 -14.179688 3 -14.65625 3.75 -15 C 4.5 -15.34375 5.367188 -15.515625 6.359375 -15.515625 C 7.210938 -15.515625 8.035156 -15.367188 8.828125 -15.078125 C 9.628906 -14.785156 10.257812 -14.351562 10.71875 -13.78125 C 10.9375 -13.550781 11.046875 -13.34375 11.046875 -13.15625 C 11.046875 -13.007812 10.972656 -12.863281 10.828125 -12.71875 C 10.679688 -12.570312 10.523438 -12.5 10.359375 -12.5 C 10.210938 -12.5 10.085938 -12.546875 9.984375 -12.640625 C 9.734375 -12.953125 9.414062 -13.226562 9.03125 -13.46875 C 8.65625 -13.707031 8.238281 -13.890625 7.78125 -14.015625 C 7.320312 -14.148438 6.847656 -14.21875 6.359375 -14.21875 C 5.671875 -14.21875 5.050781 -14.113281 4.5 -13.90625 C 3.957031 -13.695312 3.53125 -13.394531 3.21875 -13 C 2.90625 -12.601562 2.75 -12.128906 2.75 -11.578125 C 2.75 -10.960938 2.921875 -10.457031 3.265625 -10.0625 C 3.617188 -9.675781 4.078125 -9.351562 4.640625 -9.09375 C 5.210938 -8.84375 5.820312 -8.609375 6.46875 -8.390625 C 7.09375 -8.210938 7.691406 -8.007812 8.265625 -7.78125 C 8.835938 -7.5625 9.347656 -7.28125 9.796875 -6.9375 C 10.242188 -6.601562 10.59375 -6.179688 10.84375 -5.671875 C 11.101562 -5.171875 11.234375 -4.53125 11.234375 -3.75 C 11.234375 -3.007812 11.019531 -2.34375 10.59375 -1.75 C 10.164062 -1.15625 9.582031 -0.679688 8.84375 -0.328125 C 8.113281 0.0234375 7.253906 0.207031 6.265625 0.21875 Z M 6.265625 0.21875 "></path>
      </g>
    </g>
  </g>
  <g fill="#ffffff" fill-opacity="1">
    <g transform="translate(114.952618, 185.584807)">
      <g>
        <path d="M 15.6875 -7.640625 C 15.6875 -6.492188 15.503906 -5.441406 15.140625 -4.484375 C 14.785156 -3.535156 14.28125 -2.707031 13.625 -2 C 12.96875 -1.289062 12.191406 -0.742188 11.296875 -0.359375 C 10.398438 0.0234375 9.421875 0.21875 8.359375 0.21875 C 7.296875 0.21875 6.316406 0.0234375 5.421875 -0.359375 C 4.523438 -0.742188 3.75 -1.289062 3.09375 -2 C 2.445312 -2.707031 1.941406 -3.535156 1.578125 -4.484375 C 1.222656 -5.441406 1.046875 -6.492188 1.046875 -7.640625 C 1.046875 -8.796875 1.222656 -9.847656 1.578125 -10.796875 C 1.941406 -11.753906 2.445312 -12.582031 3.09375 -13.28125 C 3.75 -13.988281 4.523438 -14.535156 5.421875 -14.921875 C 6.316406 -15.316406 7.296875 -15.515625 8.359375 -15.515625 C 9.421875 -15.515625 10.398438 -15.316406 11.296875 -14.921875 C 12.191406 -14.535156 12.96875 -13.988281 13.625 -13.28125 C 14.28125 -12.582031 14.785156 -11.753906 15.140625 -10.796875 C 15.503906 -9.847656 15.6875 -8.796875 15.6875 -7.640625 Z M 14.28125 -7.640625 C 14.28125 -8.941406 14.03125 -10.082031 13.53125 -11.0625 C 13.03125 -12.039062 12.332031 -12.804688 11.4375 -13.359375 C 10.550781 -13.921875 9.523438 -14.203125 8.359375 -14.203125 C 7.210938 -14.203125 6.191406 -13.921875 5.296875 -13.359375 C 4.398438 -12.804688 3.703125 -12.039062 3.203125 -11.0625 C 2.703125 -10.082031 2.453125 -8.941406 2.453125 -7.640625 C 2.453125 -6.347656 2.703125 -5.207031 3.203125 -4.21875 C 3.703125 -3.238281 4.398438 -2.472656 5.296875 -1.921875 C 6.191406 -1.367188 7.210938 -1.09375 8.359375 -1.09375 C 9.523438 -1.09375 10.550781 -1.367188 11.4375 -1.921875 C 12.332031 -2.472656 13.03125 -3.238281 13.53125 -4.21875 C 14.03125 -5.207031 14.28125 -6.347656 14.28125 -7.640625 Z M 14.28125 -7.640625 "></path>
      </g>
    </g>
  </g>
  <g fill="#ffffff" fill-opacity="1">
    <g transform="translate(133.651505, 185.584807)">
      <g>
        <path d="M 10.5 -1.28125 C 10.675781 -1.28125 10.828125 -1.21875 10.953125 -1.09375 C 11.085938 -0.976562 11.15625 -0.832031 11.15625 -0.65625 C 11.15625 -0.46875 11.085938 -0.3125 10.953125 -0.1875 C 10.828125 -0.0625 10.675781 0 10.5 0 L 2.703125 0 C 2.515625 0 2.359375 -0.0625 2.234375 -0.1875 C 2.109375 -0.320312 2.046875 -0.476562 2.046875 -0.65625 L 2.046875 -14.640625 C 2.046875 -14.804688 2.113281 -14.957031 2.25 -15.09375 C 2.382812 -15.226562 2.550781 -15.296875 2.75 -15.296875 C 2.925781 -15.296875 3.082031 -15.226562 3.21875 -15.09375 C 3.351562 -14.957031 3.421875 -14.804688 3.421875 -14.640625 L 3.421875 -0.921875 L 3.015625 -1.28125 Z M 10.5 -1.28125 "></path>
      </g>
    </g>
  </g>
  <g fill="#ffffff" fill-opacity="1">
    <g transform="translate(147.238958, 185.584807)">
      <g></g>
    </g>
  </g>
  <g fill="#ffffff" fill-opacity="1">
    <g transform="translate(155.168877, 185.584807)">
      <g>
        <path d="M 13.21875 -14.15625 C 13.394531 -14.039062 13.492188 -13.890625 13.515625 -13.703125 C 13.546875 -13.523438 13.503906 -13.347656 13.390625 -13.171875 C 13.285156 -13.035156 13.148438 -12.960938 12.984375 -12.953125 C 12.828125 -12.941406 12.675781 -12.972656 12.53125 -13.046875 C 11.976562 -13.410156 11.382812 -13.691406 10.75 -13.890625 C 10.125 -14.097656 9.445312 -14.203125 8.71875 -14.203125 C 7.832031 -14.203125 7.003906 -14.046875 6.234375 -13.734375 C 5.472656 -13.421875 4.804688 -12.96875 4.234375 -12.375 C 3.671875 -11.78125 3.234375 -11.082031 2.921875 -10.28125 C 2.609375 -9.488281 2.453125 -8.609375 2.453125 -7.640625 C 2.453125 -6.648438 2.609375 -5.75 2.921875 -4.9375 C 3.242188 -4.132812 3.691406 -3.441406 4.265625 -2.859375 C 4.847656 -2.273438 5.515625 -1.832031 6.265625 -1.53125 C 7.023438 -1.226562 7.84375 -1.078125 8.71875 -1.078125 C 9.425781 -1.078125 10.097656 -1.175781 10.734375 -1.375 C 11.367188 -1.582031 11.960938 -1.859375 12.515625 -2.203125 C 12.660156 -2.296875 12.816406 -2.328125 12.984375 -2.296875 C 13.148438 -2.273438 13.285156 -2.191406 13.390625 -2.046875 C 13.523438 -1.890625 13.570312 -1.71875 13.53125 -1.53125 C 13.5 -1.351562 13.398438 -1.210938 13.234375 -1.109375 C 12.867188 -0.878906 12.4375 -0.660156 11.9375 -0.453125 C 11.445312 -0.253906 10.925781 -0.09375 10.375 0.03125 C 9.820312 0.15625 9.269531 0.21875 8.71875 0.21875 C 7.664062 0.21875 6.679688 0.03125 5.765625 -0.34375 C 4.847656 -0.726562 4.03125 -1.265625 3.3125 -1.953125 C 2.601562 -2.648438 2.046875 -3.476562 1.640625 -4.4375 C 1.242188 -5.394531 1.046875 -6.460938 1.046875 -7.640625 C 1.046875 -8.773438 1.242188 -9.816406 1.640625 -10.765625 C 2.035156 -11.722656 2.582031 -12.550781 3.28125 -13.25 C 3.976562 -13.957031 4.789062 -14.503906 5.71875 -14.890625 C 6.65625 -15.285156 7.65625 -15.484375 8.71875 -15.484375 C 9.539062 -15.484375 10.335938 -15.363281 11.109375 -15.125 C 11.890625 -14.894531 12.59375 -14.570312 13.21875 -14.15625 Z M 13.21875 -14.15625 "></path>
      </g>
    </g>
  </g>
  <g fill="#ffffff" fill-opacity="1">
    <g transform="translate(171.399425, 185.584807)">
      <g>
        <path d="M 2.796875 0 C 2.578125 0 2.394531 -0.0625 2.25 -0.1875 C 2.113281 -0.320312 2.046875 -0.476562 2.046875 -0.65625 L 2.046875 -14.640625 C 2.046875 -14.804688 2.113281 -14.957031 2.25 -15.09375 C 2.382812 -15.226562 2.535156 -15.296875 2.703125 -15.296875 L 8.609375 -15.296875 C 9.429688 -15.296875 10.171875 -15.113281 10.828125 -14.75 C 11.484375 -14.394531 12 -13.90625 12.375 -13.28125 C 12.75 -12.65625 12.9375 -11.945312 12.9375 -11.15625 C 12.9375 -10.519531 12.816406 -9.929688 12.578125 -9.390625 C 12.347656 -8.847656 12.019531 -8.390625 11.59375 -8.015625 C 11.175781 -7.648438 10.703125 -7.378906 10.171875 -7.203125 L 9.421875 -7.453125 C 9.953125 -7.410156 10.453125 -7.238281 10.921875 -6.9375 C 11.390625 -6.632812 11.765625 -6.222656 12.046875 -5.703125 C 12.328125 -5.191406 12.476562 -4.570312 12.5 -3.84375 C 12.507812 -3.21875 12.539062 -2.726562 12.59375 -2.375 C 12.644531 -2.03125 12.71875 -1.769531 12.8125 -1.59375 C 12.914062 -1.414062 13.050781 -1.273438 13.21875 -1.171875 C 13.363281 -1.085938 13.460938 -0.960938 13.515625 -0.796875 C 13.566406 -0.640625 13.546875 -0.488281 13.453125 -0.34375 C 13.398438 -0.226562 13.316406 -0.144531 13.203125 -0.09375 C 13.097656 -0.0390625 12.984375 -0.015625 12.859375 -0.015625 C 12.742188 -0.015625 12.628906 -0.046875 12.515625 -0.109375 C 12.304688 -0.222656 12.097656 -0.40625 11.890625 -0.65625 C 11.679688 -0.90625 11.503906 -1.269531 11.359375 -1.75 C 11.222656 -2.226562 11.15625 -2.894531 11.15625 -3.75 C 11.15625 -4.320312 11.0625 -4.789062 10.875 -5.15625 C 10.695312 -5.519531 10.46875 -5.800781 10.1875 -6 C 9.90625 -6.195312 9.59375 -6.332031 9.25 -6.40625 C 8.90625 -6.488281 8.582031 -6.53125 8.28125 -6.53125 L 3.1875 -6.53125 L 3.421875 -6.84375 L 3.421875 -0.65625 C 3.421875 -0.476562 3.363281 -0.320312 3.25 -0.1875 C 3.132812 -0.0625 2.984375 0 2.796875 0 Z M 3.1875 -7.734375 L 8.671875 -7.734375 C 9.171875 -7.773438 9.632812 -7.9375 10.0625 -8.21875 C 10.5 -8.507812 10.851562 -8.898438 11.125 -9.390625 C 11.394531 -9.890625 11.53125 -10.46875 11.53125 -11.125 C 11.53125 -11.945312 11.25 -12.628906 10.6875 -13.171875 C 10.125 -13.722656 9.394531 -14 8.5 -14 L 3.28125 -14 L 3.421875 -14.3125 L 3.421875 -7.421875 Z M 3.1875 -7.734375 "></path>
      </g>
    </g>
  </g>
  <g fill="#ffffff" fill-opacity="1">
    <g transform="translate(188.001311, 185.584807)">
      <g>
        <path d="M 2.703125 -15.296875 L 10.71875 -15.296875 C 10.894531 -15.296875 11.046875 -15.234375 11.171875 -15.109375 C 11.304688 -14.984375 11.375 -14.828125 11.375 -14.640625 C 11.375 -14.441406 11.304688 -14.285156 11.171875 -14.171875 C 11.046875 -14.054688 10.894531 -14 10.71875 -14 L 3.21875 -14 L 3.421875 -14.375 L 3.421875 -8.234375 L 3.1875 -8.515625 L 9.75 -8.515625 C 9.914062 -8.515625 10.0625 -8.445312 10.1875 -8.3125 C 10.320312 -8.1875 10.390625 -8.035156 10.390625 -7.859375 C 10.390625 -7.671875 10.320312 -7.519531 10.1875 -7.40625 C 10.0625 -7.289062 9.914062 -7.234375 9.75 -7.234375 L 3.234375 -7.234375 L 3.421875 -7.453125 L 3.421875 -1.15625 L 3.3125 -1.28125 L 10.71875 -1.28125 C 10.894531 -1.28125 11.046875 -1.210938 11.171875 -1.078125 C 11.304688 -0.953125 11.375 -0.804688 11.375 -0.640625 C 11.375 -0.441406 11.304688 -0.285156 11.171875 -0.171875 C 11.046875 -0.0546875 10.894531 0 10.71875 0 L 2.703125 0 C 2.535156 0 2.382812 -0.0625 2.25 -0.1875 C 2.113281 -0.320312 2.046875 -0.476562 2.046875 -0.65625 L 2.046875 -14.640625 C 2.046875 -14.804688 2.113281 -14.957031 2.25 -15.09375 C 2.382812 -15.226562 2.535156 -15.296875 2.703125 -15.296875 Z M 2.703125 -15.296875 "></path>
      </g>
    </g>
  </g>
  <g fill="#ffffff" fill-opacity="1">
    <g transform="translate(202.375129, 185.584807)">
      <g>
        <path d="M 7.171875 -13.609375 L 1.859375 -0.421875 C 1.796875 -0.273438 1.710938 -0.164062 1.609375 -0.09375 C 1.515625 -0.0195312 1.398438 0.015625 1.265625 0.015625 C 1.066406 0.015625 0.914062 -0.0351562 0.8125 -0.140625 C 0.707031 -0.253906 0.648438 -0.390625 0.640625 -0.546875 C 0.617188 -0.617188 0.625 -0.707031 0.65625 -0.8125 L 6.421875 -14.921875 C 6.492188 -15.078125 6.582031 -15.1875 6.6875 -15.25 C 6.800781 -15.320312 6.929688 -15.359375 7.078125 -15.359375 C 7.222656 -15.359375 7.347656 -15.316406 7.453125 -15.234375 C 7.566406 -15.148438 7.648438 -15.046875 7.703125 -14.921875 L 13.453125 -0.875 C 13.484375 -0.789062 13.5 -0.703125 13.5 -0.609375 C 13.5 -0.410156 13.429688 -0.253906 13.296875 -0.140625 C 13.171875 -0.0351562 13.019531 0.015625 12.84375 0.015625 C 12.695312 0.015625 12.566406 -0.0195312 12.453125 -0.09375 C 12.347656 -0.175781 12.265625 -0.285156 12.203125 -0.421875 L 6.765625 -13.703125 Z M 3.125 -4.40625 L 3.671875 -5.703125 L 10.4375 -5.703125 L 10.703125 -4.40625 Z M 3.125 -4.40625 "></path>
      </g>
    </g>
  </g>
  <g fill="#ffffff" fill-opacity="1">
    <g transform="translate(218.474608, 185.584807)">
      <g>
        <path d="M 6.59375 0 C 6.394531 0 6.234375 -0.0625 6.109375 -0.1875 C 5.984375 -0.320312 5.921875 -0.476562 5.921875 -0.65625 L 5.921875 -14.5625 L 7.28125 -14.5625 L 7.28125 -0.65625 C 7.28125 -0.476562 7.210938 -0.320312 7.078125 -0.1875 C 6.941406 -0.0625 6.78125 0 6.59375 0 Z M 1.390625 -14.046875 C 1.222656 -14.046875 1.070312 -14.101562 0.9375 -14.21875 C 0.8125 -14.332031 0.75 -14.484375 0.75 -14.671875 C 0.75 -14.847656 0.8125 -14.992188 0.9375 -15.109375 C 1.070312 -15.234375 1.222656 -15.296875 1.390625 -15.296875 L 11.796875 -15.296875 C 11.972656 -15.296875 12.125 -15.234375 12.25 -15.109375 C 12.382812 -14.992188 12.453125 -14.84375 12.453125 -14.65625 C 12.453125 -14.46875 12.382812 -14.316406 12.25 -14.203125 C 12.125 -14.097656 11.972656 -14.046875 11.796875 -14.046875 Z M 1.390625 -14.046875 "></path>
      </g>
    </g>
  </g>
  <g fill="#ffffff" fill-opacity="1">
    <g transform="translate(233.634813, 185.584807)">
      <g>
        <path d="M 3.421875 -0.671875 C 3.410156 -0.484375 3.335938 -0.320312 3.203125 -0.1875 C 3.066406 -0.0625 2.910156 0 2.734375 0 C 2.523438 0 2.359375 -0.0625 2.234375 -0.1875 C 2.109375 -0.320312 2.046875 -0.484375 2.046875 -0.671875 L 2.046875 -14.609375 C 2.046875 -14.796875 2.113281 -14.957031 2.25 -15.09375 C 2.382812 -15.226562 2.550781 -15.296875 2.75 -15.296875 C 2.925781 -15.296875 3.082031 -15.226562 3.21875 -15.09375 C 3.351562 -14.957031 3.421875 -14.796875 3.421875 -14.609375 Z M 3.421875 -0.671875 "></path>
      </g>
    </g>
  </g>
  <g fill="#ffffff" fill-opacity="1">
    <g transform="translate(241.062337, 185.584807)">
      <g>
        <path d="M 13.109375 -15.3125 C 13.304688 -15.3125 13.46875 -15.253906 13.59375 -15.140625 C 13.71875 -15.023438 13.78125 -14.878906 13.78125 -14.703125 C 13.78125 -14.597656 13.757812 -14.488281 13.71875 -14.375 L 7.890625 -0.4375 C 7.816406 -0.289062 7.71875 -0.179688 7.59375 -0.109375 C 7.476562 -0.0351562 7.363281 0 7.25 0 C 7.125 0 7 -0.0351562 6.875 -0.109375 C 6.757812 -0.179688 6.679688 -0.285156 6.640625 -0.421875 L 0.828125 -14.328125 C 0.816406 -14.367188 0.800781 -14.414062 0.78125 -14.46875 C 0.769531 -14.53125 0.765625 -14.597656 0.765625 -14.671875 C 0.765625 -14.867188 0.832031 -15.023438 0.96875 -15.140625 C 1.101562 -15.253906 1.242188 -15.3125 1.390625 -15.3125 C 1.703125 -15.3125 1.921875 -15.148438 2.046875 -14.828125 L 7.515625 -1.765625 L 7.125 -1.765625 L 12.5 -14.875 C 12.644531 -15.164062 12.847656 -15.3125 13.109375 -15.3125 Z M 13.109375 -15.3125 "></path>
      </g>
    </g>
  </g>
  <g fill="#ffffff" fill-opacity="1">
    <g transform="translate(257.555, 185.584807)">
      <g>
        <path d="M 15.6875 -7.640625 C 15.6875 -6.492188 15.503906 -5.441406 15.140625 -4.484375 C 14.785156 -3.535156 14.28125 -2.707031 13.625 -2 C 12.96875 -1.289062 12.191406 -0.742188 11.296875 -0.359375 C 10.398438 0.0234375 9.421875 0.21875 8.359375 0.21875 C 7.296875 0.21875 6.316406 0.0234375 5.421875 -0.359375 C 4.523438 -0.742188 3.75 -1.289062 3.09375 -2 C 2.445312 -2.707031 1.941406 -3.535156 1.578125 -4.484375 C 1.222656 -5.441406 1.046875 -6.492188 1.046875 -7.640625 C 1.046875 -8.796875 1.222656 -9.847656 1.578125 -10.796875 C 1.941406 -11.753906 2.445312 -12.582031 3.09375 -13.28125 C 3.75 -13.988281 4.523438 -14.535156 5.421875 -14.921875 C 6.316406 -15.316406 7.296875 -15.515625 8.359375 -15.515625 C 9.421875 -15.515625 10.398438 -15.316406 11.296875 -14.921875 C 12.191406 -14.535156 12.96875 -13.988281 13.625 -13.28125 C 14.28125 -12.582031 14.785156 -11.753906 15.140625 -10.796875 C 15.503906 -9.847656 15.6875 -8.796875 15.6875 -7.640625 Z M 14.28125 -7.640625 C 14.28125 -8.941406 14.03125 -10.082031 13.53125 -11.0625 C 13.03125 -12.039062 12.332031 -12.804688 11.4375 -13.359375 C 10.550781 -13.921875 9.523438 -14.203125 8.359375 -14.203125 C 7.210938 -14.203125 6.191406 -13.921875 5.296875 -13.359375 C 4.398438 -12.804688 3.703125 -12.039062 3.203125 -11.0625 C 2.703125 -10.082031 2.453125 -8.941406 2.453125 -7.640625 C 2.453125 -6.347656 2.703125 -5.207031 3.203125 -4.21875 C 3.703125 -3.238281 4.398438 -2.472656 5.296875 -1.921875 C 6.191406 -1.367188 7.210938 -1.09375 8.359375 -1.09375 C 9.523438 -1.09375 10.550781 -1.367188 11.4375 -1.921875 C 12.332031 -2.472656 13.03125 -3.238281 13.53125 -4.21875 C 14.03125 -5.207031 14.28125 -6.347656 14.28125 -7.640625 Z M 14.28125 -7.640625 "></path>
      </g>
    </g>
  </g>
  <g fill="#87f1f9" fill-opacity="1">
    <g transform="translate(132.519027, 207.810093)">
      <g>
        <path d="M 0.984375 -5.5625 C 1.023438 -5.5625 1.0625 -5.550781 1.09375 -5.53125 C 1.132812 -5.519531 1.171875 -5.5 1.203125 -5.46875 L 3.390625 -2.171875 L 3.1875 -2.171875 L 5.390625 -5.46875 C 5.441406 -5.539062 5.507812 -5.570312 5.59375 -5.5625 C 5.65625 -5.5625 5.707031 -5.539062 5.75 -5.5 C 5.800781 -5.457031 5.828125 -5.398438 5.828125 -5.328125 L 5.828125 -0.234375 C 5.828125 -0.171875 5.800781 -0.113281 5.75 -0.0625 C 5.707031 -0.0195312 5.648438 0 5.578125 0 C 5.503906 0 5.441406 -0.0195312 5.390625 -0.0625 C 5.347656 -0.113281 5.328125 -0.171875 5.328125 -0.234375 L 5.328125 -4.84375 L 5.46875 -4.828125 L 3.453125 -1.78125 C 3.441406 -1.75 3.421875 -1.722656 3.390625 -1.703125 C 3.359375 -1.679688 3.320312 -1.675781 3.28125 -1.6875 C 3.238281 -1.675781 3.203125 -1.679688 3.171875 -1.703125 C 3.140625 -1.722656 3.109375 -1.75 3.078125 -1.78125 L 1.0625 -4.859375 L 1.21875 -4.96875 L 1.21875 -0.234375 C 1.21875 -0.171875 1.191406 -0.113281 1.140625 -0.0625 C 1.097656 -0.0195312 1.046875 0 0.984375 0 C 0.910156 0 0.851562 -0.0195312 0.8125 -0.0625 C 0.769531 -0.113281 0.75 -0.171875 0.75 -0.234375 L 0.75 -5.328125 C 0.75 -5.390625 0.769531 -5.441406 0.8125 -5.484375 C 0.851562 -5.535156 0.910156 -5.5625 0.984375 -5.5625 Z M 0.984375 -5.5625 "></path>
      </g>
    </g>
  </g>
  <g fill="#87f1f9" fill-opacity="1">
    <g transform="translate(141.161062, 207.810093)">
      <g>
        <path d="M 2.609375 -4.953125 L 0.671875 -0.15625 C 0.648438 -0.101562 0.617188 -0.0625 0.578125 -0.03125 C 0.546875 0 0.507812 0.015625 0.46875 0.015625 C 0.382812 0.015625 0.320312 -0.00390625 0.28125 -0.046875 C 0.25 -0.0859375 0.234375 -0.140625 0.234375 -0.203125 C 0.222656 -0.222656 0.222656 -0.253906 0.234375 -0.296875 L 2.34375 -5.4375 C 2.363281 -5.488281 2.394531 -5.523438 2.4375 -5.546875 C 2.476562 -5.578125 2.523438 -5.59375 2.578125 -5.59375 C 2.628906 -5.59375 2.675781 -5.578125 2.71875 -5.546875 C 2.757812 -5.515625 2.789062 -5.476562 2.8125 -5.4375 L 4.90625 -0.3125 C 4.914062 -0.28125 4.921875 -0.25 4.921875 -0.21875 C 4.921875 -0.144531 4.894531 -0.0859375 4.84375 -0.046875 C 4.789062 -0.00390625 4.734375 0.015625 4.671875 0.015625 C 4.617188 0.015625 4.570312 0 4.53125 -0.03125 C 4.5 -0.0625 4.472656 -0.101562 4.453125 -0.15625 L 2.46875 -4.984375 Z M 1.140625 -1.609375 L 1.34375 -2.078125 L 3.796875 -2.078125 L 3.890625 -1.609375 Z M 1.140625 -1.609375 "></path>
      </g>
    </g>
  </g>
  <g fill="#87f1f9" fill-opacity="1">
    <g transform="translate(148.372029, 207.810093)">
      <g>
        <path d="M 1.015625 0 C 0.941406 0 0.878906 -0.0195312 0.828125 -0.0625 C 0.773438 -0.113281 0.75 -0.171875 0.75 -0.234375 L 0.75 -5.328125 C 0.75 -5.390625 0.769531 -5.441406 0.8125 -5.484375 C 0.863281 -5.535156 0.921875 -5.5625 0.984375 -5.5625 L 3.140625 -5.5625 C 3.441406 -5.5625 3.707031 -5.492188 3.9375 -5.359375 C 4.175781 -5.234375 4.363281 -5.054688 4.5 -4.828125 C 4.632812 -4.609375 4.703125 -4.351562 4.703125 -4.0625 C 4.703125 -3.832031 4.660156 -3.617188 4.578125 -3.421875 C 4.492188 -3.222656 4.375 -3.054688 4.21875 -2.921875 C 4.070312 -2.785156 3.898438 -2.6875 3.703125 -2.625 L 3.421875 -2.71875 C 3.617188 -2.695312 3.800781 -2.628906 3.96875 -2.515625 C 4.144531 -2.410156 4.285156 -2.265625 4.390625 -2.078125 C 4.492188 -1.890625 4.546875 -1.664062 4.546875 -1.40625 C 4.554688 -1.175781 4.566406 -0.992188 4.578125 -0.859375 C 4.597656 -0.734375 4.625 -0.640625 4.65625 -0.578125 C 4.695312 -0.515625 4.75 -0.460938 4.8125 -0.421875 C 4.863281 -0.390625 4.898438 -0.34375 4.921875 -0.28125 C 4.941406 -0.226562 4.9375 -0.175781 4.90625 -0.125 C 4.882812 -0.0820312 4.851562 -0.0507812 4.8125 -0.03125 C 4.769531 -0.0195312 4.726562 -0.015625 4.6875 -0.015625 C 4.644531 -0.015625 4.601562 -0.0234375 4.5625 -0.046875 C 4.488281 -0.0859375 4.410156 -0.148438 4.328125 -0.234375 C 4.253906 -0.328125 4.191406 -0.460938 4.140625 -0.640625 C 4.085938 -0.816406 4.0625 -1.0625 4.0625 -1.375 C 4.0625 -1.570312 4.023438 -1.738281 3.953125 -1.875 C 3.890625 -2.007812 3.804688 -2.113281 3.703125 -2.1875 C 3.609375 -2.257812 3.5 -2.304688 3.375 -2.328125 C 3.25 -2.359375 3.128906 -2.375 3.015625 -2.375 L 1.15625 -2.375 L 1.25 -2.484375 L 1.25 -0.234375 C 1.25 -0.171875 1.226562 -0.113281 1.1875 -0.0625 C 1.144531 -0.0195312 1.085938 0 1.015625 0 Z M 1.15625 -2.8125 L 3.15625 -2.8125 C 3.332031 -2.832031 3.5 -2.894531 3.65625 -3 C 3.820312 -3.101562 3.953125 -3.242188 4.046875 -3.421875 C 4.148438 -3.597656 4.203125 -3.804688 4.203125 -4.046875 C 4.203125 -4.347656 4.097656 -4.597656 3.890625 -4.796875 C 3.691406 -4.992188 3.425781 -5.09375 3.09375 -5.09375 L 1.1875 -5.09375 L 1.25 -5.203125 L 1.25 -2.703125 Z M 1.15625 -2.8125 "></path>
      </g>
    </g>
  </g>
  <g fill="#87f1f9" fill-opacity="1">
    <g transform="translate(155.765853, 207.810093)">
      <g>
        <path d="M 4.71875 0.03125 C 4.65625 0.03125 4.597656 0 4.546875 -0.0625 L 2.296875 -2.890625 L 2.671875 -3.265625 L 4.9375 -0.390625 C 4.976562 -0.335938 5 -0.28125 5 -0.21875 C 5 -0.132812 4.96875 -0.0703125 4.90625 -0.03125 C 4.84375 0.0078125 4.78125 0.03125 4.71875 0.03125 Z M 4.640625 -5.546875 C 4.703125 -5.546875 4.753906 -5.519531 4.796875 -5.46875 C 4.847656 -5.425781 4.875 -5.378906 4.875 -5.328125 C 4.875 -5.253906 4.847656 -5.195312 4.796875 -5.15625 L 1.1875 -1.78125 L 1.125 -2.3125 L 4.46875 -5.46875 C 4.519531 -5.519531 4.578125 -5.546875 4.640625 -5.546875 Z M 1 0 C 0.914062 0 0.851562 -0.0195312 0.8125 -0.0625 C 0.769531 -0.113281 0.75 -0.175781 0.75 -0.25 L 0.75 -5.328125 C 0.75 -5.390625 0.769531 -5.441406 0.8125 -5.484375 C 0.863281 -5.535156 0.925781 -5.5625 1 -5.5625 C 1.070312 -5.5625 1.128906 -5.535156 1.171875 -5.484375 C 1.222656 -5.441406 1.25 -5.390625 1.25 -5.328125 L 1.25 -0.25 C 1.238281 -0.175781 1.207031 -0.113281 1.15625 -0.0625 C 1.113281 -0.0195312 1.0625 0 1 0 Z M 1 0 "></path>
      </g>
    </g>
  </g>
  <g fill="#87f1f9" fill-opacity="1">
    <g transform="translate(163.199427, 207.810093)">
      <g>
        <path d="M 0.984375 -5.5625 L 3.90625 -5.5625 C 3.96875 -5.5625 4.019531 -5.539062 4.0625 -5.5 C 4.113281 -5.457031 4.140625 -5.398438 4.140625 -5.328125 C 4.140625 -5.253906 4.113281 -5.195312 4.0625 -5.15625 C 4.019531 -5.113281 3.96875 -5.09375 3.90625 -5.09375 L 1.171875 -5.09375 L 1.25 -5.234375 L 1.25 -3 L 1.15625 -3.109375 L 3.546875 -3.109375 C 3.609375 -3.109375 3.660156 -3.082031 3.703125 -3.03125 C 3.753906 -2.976562 3.78125 -2.921875 3.78125 -2.859375 C 3.78125 -2.796875 3.753906 -2.738281 3.703125 -2.6875 C 3.660156 -2.644531 3.609375 -2.625 3.546875 -2.625 L 1.171875 -2.625 L 1.25 -2.71875 L 1.25 -0.421875 L 1.203125 -0.46875 L 3.90625 -0.46875 C 3.96875 -0.46875 4.019531 -0.441406 4.0625 -0.390625 C 4.113281 -0.347656 4.140625 -0.296875 4.140625 -0.234375 C 4.140625 -0.160156 4.113281 -0.101562 4.0625 -0.0625 C 4.019531 -0.0195312 3.96875 0 3.90625 0 L 0.984375 0 C 0.921875 0 0.863281 -0.0195312 0.8125 -0.0625 C 0.769531 -0.113281 0.75 -0.171875 0.75 -0.234375 L 0.75 -5.328125 C 0.75 -5.390625 0.769531 -5.441406 0.8125 -5.484375 C 0.863281 -5.535156 0.921875 -5.5625 0.984375 -5.5625 Z M 0.984375 -5.5625 "></path>
      </g>
    </g>
  </g>
  <g fill="#87f1f9" fill-opacity="1">
    <g transform="translate(169.78232, 207.810093)">
      <g>
        <path d="M 2.40625 0 C 2.332031 0 2.269531 -0.0195312 2.21875 -0.0625 C 2.175781 -0.113281 2.15625 -0.171875 2.15625 -0.234375 L 2.15625 -5.3125 L 2.640625 -5.3125 L 2.640625 -0.234375 C 2.640625 -0.171875 2.613281 -0.113281 2.5625 -0.0625 C 2.519531 -0.0195312 2.46875 0 2.40625 0 Z M 0.515625 -5.109375 C 0.441406 -5.109375 0.378906 -5.128906 0.328125 -5.171875 C 0.285156 -5.210938 0.265625 -5.269531 0.265625 -5.34375 C 0.265625 -5.40625 0.285156 -5.457031 0.328125 -5.5 C 0.378906 -5.539062 0.441406 -5.5625 0.515625 -5.5625 L 4.296875 -5.5625 C 4.359375 -5.5625 4.410156 -5.539062 4.453125 -5.5 C 4.503906 -5.457031 4.53125 -5.40625 4.53125 -5.34375 C 4.53125 -5.269531 4.503906 -5.210938 4.453125 -5.171875 C 4.410156 -5.128906 4.359375 -5.109375 4.296875 -5.109375 Z M 0.515625 -5.109375 "></path>
      </g>
    </g>
  </g>
  <g fill="#87f1f9" fill-opacity="1">
    <g transform="translate(176.65142, 207.810093)">
      <g>
        <path d="M 1.25 -0.25 C 1.238281 -0.175781 1.207031 -0.113281 1.15625 -0.0625 C 1.113281 -0.0195312 1.0625 0 1 0 C 0.914062 0 0.851562 -0.0195312 0.8125 -0.0625 C 0.769531 -0.113281 0.75 -0.175781 0.75 -0.25 L 0.75 -5.328125 C 0.75 -5.390625 0.769531 -5.441406 0.8125 -5.484375 C 0.863281 -5.535156 0.925781 -5.5625 1 -5.5625 C 1.0625 -5.5625 1.117188 -5.535156 1.171875 -5.484375 C 1.222656 -5.441406 1.25 -5.390625 1.25 -5.328125 Z M 1.25 -0.25 "></path>
      </g>
    </g>
  </g>
  <g fill="#87f1f9" fill-opacity="1">
    <g transform="translate(180.70609, 207.810093)">
      <g>
        <path d="M 4.8125 -5.5625 C 4.882812 -5.5625 4.941406 -5.539062 4.984375 -5.5 C 5.023438 -5.457031 5.046875 -5.40625 5.046875 -5.34375 L 5.046875 -0.25 C 5.046875 -0.175781 5.019531 -0.113281 4.96875 -0.0625 C 4.914062 -0.0195312 4.859375 0 4.796875 0 C 4.765625 0 4.726562 -0.00390625 4.6875 -0.015625 C 4.65625 -0.0351562 4.628906 -0.0546875 4.609375 -0.078125 L 1.0625 -4.859375 L 1.1875 -4.9375 L 1.1875 -0.21875 C 1.1875 -0.15625 1.164062 -0.101562 1.125 -0.0625 C 1.082031 -0.0195312 1.03125 0 0.96875 0 C 0.894531 0 0.835938 -0.0195312 0.796875 -0.0625 C 0.765625 -0.101562 0.75 -0.15625 0.75 -0.21875 L 0.75 -5.328125 C 0.75 -5.410156 0.769531 -5.46875 0.8125 -5.5 C 0.863281 -5.539062 0.921875 -5.5625 0.984375 -5.5625 C 1.015625 -5.5625 1.046875 -5.554688 1.078125 -5.546875 C 1.117188 -5.535156 1.148438 -5.515625 1.171875 -5.484375 L 4.671875 -0.75 L 4.59375 -0.609375 L 4.59375 -5.34375 C 4.59375 -5.40625 4.613281 -5.457031 4.65625 -5.5 C 4.707031 -5.539062 4.757812 -5.5625 4.8125 -5.5625 Z M 4.8125 -5.5625 "></path>
      </g>
    </g>
  </g>
  <g fill="#87f1f9" fill-opacity="1">
    <g transform="translate(188.561044, 207.810093)">
      <g>
        <path d="M 3.25 0.078125 C 2.832031 0.078125 2.445312 0.0078125 2.09375 -0.125 C 1.75 -0.269531 1.445312 -0.472656 1.1875 -0.734375 C 0.9375 -0.992188 0.738281 -1.296875 0.59375 -1.640625 C 0.445312 -1.992188 0.375 -2.375 0.375 -2.78125 C 0.375 -3.1875 0.445312 -3.566406 0.59375 -3.921875 C 0.738281 -4.273438 0.9375 -4.578125 1.1875 -4.828125 C 1.445312 -5.085938 1.75 -5.285156 2.09375 -5.421875 C 2.445312 -5.566406 2.832031 -5.640625 3.25 -5.640625 C 3.53125 -5.640625 3.800781 -5.609375 4.0625 -5.546875 C 4.320312 -5.484375 4.554688 -5.382812 4.765625 -5.25 C 4.796875 -5.21875 4.820312 -5.1875 4.84375 -5.15625 C 4.863281 -5.125 4.875 -5.085938 4.875 -5.046875 C 4.875 -4.972656 4.847656 -4.910156 4.796875 -4.859375 C 4.753906 -4.816406 4.707031 -4.796875 4.65625 -4.796875 C 4.625 -4.796875 4.597656 -4.800781 4.578125 -4.8125 C 4.554688 -4.820312 4.535156 -4.832031 4.515625 -4.84375 C 4.328125 -4.945312 4.128906 -5.023438 3.921875 -5.078125 C 3.710938 -5.140625 3.488281 -5.171875 3.25 -5.171875 C 2.789062 -5.171875 2.382812 -5.066406 2.03125 -4.859375 C 1.675781 -4.648438 1.394531 -4.363281 1.1875 -4 C 0.988281 -3.644531 0.890625 -3.238281 0.890625 -2.78125 C 0.890625 -2.320312 0.988281 -1.910156 1.1875 -1.546875 C 1.394531 -1.191406 1.675781 -0.910156 2.03125 -0.703125 C 2.382812 -0.492188 2.789062 -0.390625 3.25 -0.390625 C 3.488281 -0.390625 3.726562 -0.425781 3.96875 -0.5 C 4.207031 -0.570312 4.414062 -0.664062 4.59375 -0.78125 L 4.546875 -0.609375 L 4.546875 -2.4375 L 4.671875 -2.328125 L 3.296875 -2.328125 C 3.222656 -2.328125 3.160156 -2.347656 3.109375 -2.390625 C 3.066406 -2.441406 3.046875 -2.5 3.046875 -2.5625 C 3.046875 -2.644531 3.066406 -2.707031 3.109375 -2.75 C 3.160156 -2.789062 3.222656 -2.8125 3.296875 -2.8125 L 4.8125 -2.8125 C 4.882812 -2.8125 4.941406 -2.785156 4.984375 -2.734375 C 5.023438 -2.691406 5.046875 -2.632812 5.046875 -2.5625 L 5.046875 -0.65625 C 5.046875 -0.613281 5.035156 -0.570312 5.015625 -0.53125 C 4.992188 -0.5 4.96875 -0.46875 4.9375 -0.4375 C 4.695312 -0.28125 4.429688 -0.15625 4.140625 -0.0625 C 3.859375 0.03125 3.5625 0.078125 3.25 0.078125 Z M 3.25 0.078125 "></path>
      </g>
    </g>
  </g>
  <g fill="#87f1f9" fill-opacity="1">
    <g transform="translate(196.15363, 207.810093)">
      <g></g>
    </g>
  </g>
  <g fill="#87f1f9" fill-opacity="1">
    <g transform="translate(200.391158, 207.810093)">
      <g>
        <path d="M 2.609375 -4.953125 L 0.671875 -0.15625 C 0.648438 -0.101562 0.617188 -0.0625 0.578125 -0.03125 C 0.546875 0 0.507812 0.015625 0.46875 0.015625 C 0.382812 0.015625 0.320312 -0.00390625 0.28125 -0.046875 C 0.25 -0.0859375 0.234375 -0.140625 0.234375 -0.203125 C 0.222656 -0.222656 0.222656 -0.253906 0.234375 -0.296875 L 2.34375 -5.4375 C 2.363281 -5.488281 2.394531 -5.523438 2.4375 -5.546875 C 2.476562 -5.578125 2.523438 -5.59375 2.578125 -5.59375 C 2.628906 -5.59375 2.675781 -5.578125 2.71875 -5.546875 C 2.757812 -5.515625 2.789062 -5.476562 2.8125 -5.4375 L 4.90625 -0.3125 C 4.914062 -0.28125 4.921875 -0.25 4.921875 -0.21875 C 4.921875 -0.144531 4.894531 -0.0859375 4.84375 -0.046875 C 4.789062 -0.00390625 4.734375 0.015625 4.671875 0.015625 C 4.617188 0.015625 4.570312 0 4.53125 -0.03125 C 4.5 -0.0625 4.472656 -0.101562 4.453125 -0.15625 L 2.46875 -4.984375 Z M 1.140625 -1.609375 L 1.34375 -2.078125 L 3.796875 -2.078125 L 3.890625 -1.609375 Z M 1.140625 -1.609375 "></path>
      </g>
    </g>
  </g>
  <g fill="#87f1f9" fill-opacity="1">
    <g transform="translate(207.602126, 207.810093)">
      <g>
        <path d="M 3.25 0.078125 C 2.832031 0.078125 2.445312 0.0078125 2.09375 -0.125 C 1.75 -0.269531 1.445312 -0.472656 1.1875 -0.734375 C 0.9375 -0.992188 0.738281 -1.296875 0.59375 -1.640625 C 0.445312 -1.992188 0.375 -2.375 0.375 -2.78125 C 0.375 -3.1875 0.445312 -3.566406 0.59375 -3.921875 C 0.738281 -4.273438 0.9375 -4.578125 1.1875 -4.828125 C 1.445312 -5.085938 1.75 -5.285156 2.09375 -5.421875 C 2.445312 -5.566406 2.832031 -5.640625 3.25 -5.640625 C 3.53125 -5.640625 3.800781 -5.609375 4.0625 -5.546875 C 4.320312 -5.484375 4.554688 -5.382812 4.765625 -5.25 C 4.796875 -5.21875 4.820312 -5.1875 4.84375 -5.15625 C 4.863281 -5.125 4.875 -5.085938 4.875 -5.046875 C 4.875 -4.972656 4.847656 -4.910156 4.796875 -4.859375 C 4.753906 -4.816406 4.707031 -4.796875 4.65625 -4.796875 C 4.625 -4.796875 4.597656 -4.800781 4.578125 -4.8125 C 4.554688 -4.820312 4.535156 -4.832031 4.515625 -4.84375 C 4.328125 -4.945312 4.128906 -5.023438 3.921875 -5.078125 C 3.710938 -5.140625 3.488281 -5.171875 3.25 -5.171875 C 2.789062 -5.171875 2.382812 -5.066406 2.03125 -4.859375 C 1.675781 -4.648438 1.394531 -4.363281 1.1875 -4 C 0.988281 -3.644531 0.890625 -3.238281 0.890625 -2.78125 C 0.890625 -2.320312 0.988281 -1.910156 1.1875 -1.546875 C 1.394531 -1.191406 1.675781 -0.910156 2.03125 -0.703125 C 2.382812 -0.492188 2.789062 -0.390625 3.25 -0.390625 C 3.488281 -0.390625 3.726562 -0.425781 3.96875 -0.5 C 4.207031 -0.570312 4.414062 -0.664062 4.59375 -0.78125 L 4.546875 -0.609375 L 4.546875 -2.4375 L 4.671875 -2.328125 L 3.296875 -2.328125 C 3.222656 -2.328125 3.160156 -2.347656 3.109375 -2.390625 C 3.066406 -2.441406 3.046875 -2.5 3.046875 -2.5625 C 3.046875 -2.644531 3.066406 -2.707031 3.109375 -2.75 C 3.160156 -2.789062 3.222656 -2.8125 3.296875 -2.8125 L 4.8125 -2.8125 C 4.882812 -2.8125 4.941406 -2.785156 4.984375 -2.734375 C 5.023438 -2.691406 5.046875 -2.632812 5.046875 -2.5625 L 5.046875 -0.65625 C 5.046875 -0.613281 5.035156 -0.570312 5.015625 -0.53125 C 4.992188 -0.5 4.96875 -0.46875 4.9375 -0.4375 C 4.695312 -0.28125 4.429688 -0.15625 4.140625 -0.0625 C 3.859375 0.03125 3.5625 0.078125 3.25 0.078125 Z M 3.25 0.078125 "></path>
      </g>
    </g>
  </g>
  <g fill="#87f1f9" fill-opacity="1">
    <g transform="translate(215.194712, 207.810093)">
      <g>
        <path d="M 0.984375 -5.5625 L 3.90625 -5.5625 C 3.96875 -5.5625 4.019531 -5.539062 4.0625 -5.5 C 4.113281 -5.457031 4.140625 -5.398438 4.140625 -5.328125 C 4.140625 -5.253906 4.113281 -5.195312 4.0625 -5.15625 C 4.019531 -5.113281 3.96875 -5.09375 3.90625 -5.09375 L 1.171875 -5.09375 L 1.25 -5.234375 L 1.25 -3 L 1.15625 -3.109375 L 3.546875 -3.109375 C 3.609375 -3.109375 3.660156 -3.082031 3.703125 -3.03125 C 3.753906 -2.976562 3.78125 -2.921875 3.78125 -2.859375 C 3.78125 -2.796875 3.753906 -2.738281 3.703125 -2.6875 C 3.660156 -2.644531 3.609375 -2.625 3.546875 -2.625 L 1.171875 -2.625 L 1.25 -2.71875 L 1.25 -0.421875 L 1.203125 -0.46875 L 3.90625 -0.46875 C 3.96875 -0.46875 4.019531 -0.441406 4.0625 -0.390625 C 4.113281 -0.347656 4.140625 -0.296875 4.140625 -0.234375 C 4.140625 -0.160156 4.113281 -0.101562 4.0625 -0.0625 C 4.019531 -0.0195312 3.96875 0 3.90625 0 L 0.984375 0 C 0.921875 0 0.863281 -0.0195312 0.8125 -0.0625 C 0.769531 -0.113281 0.75 -0.171875 0.75 -0.234375 L 0.75 -5.328125 C 0.75 -5.390625 0.769531 -5.441406 0.8125 -5.484375 C 0.863281 -5.535156 0.921875 -5.5625 0.984375 -5.5625 Z M 0.984375 -5.5625 "></path>
      </g>
    </g>
  </g>
  <g fill="#87f1f9" fill-opacity="1">
    <g transform="translate(221.777602, 207.810093)">
      <g>
        <path d="M 4.8125 -5.5625 C 4.882812 -5.5625 4.941406 -5.539062 4.984375 -5.5 C 5.023438 -5.457031 5.046875 -5.40625 5.046875 -5.34375 L 5.046875 -0.25 C 5.046875 -0.175781 5.019531 -0.113281 4.96875 -0.0625 C 4.914062 -0.0195312 4.859375 0 4.796875 0 C 4.765625 0 4.726562 -0.00390625 4.6875 -0.015625 C 4.65625 -0.0351562 4.628906 -0.0546875 4.609375 -0.078125 L 1.0625 -4.859375 L 1.1875 -4.9375 L 1.1875 -0.21875 C 1.1875 -0.15625 1.164062 -0.101562 1.125 -0.0625 C 1.082031 -0.0195312 1.03125 0 0.96875 0 C 0.894531 0 0.835938 -0.0195312 0.796875 -0.0625 C 0.765625 -0.101562 0.75 -0.15625 0.75 -0.21875 L 0.75 -5.328125 C 0.75 -5.410156 0.769531 -5.46875 0.8125 -5.5 C 0.863281 -5.539062 0.921875 -5.5625 0.984375 -5.5625 C 1.015625 -5.5625 1.046875 -5.554688 1.078125 -5.546875 C 1.117188 -5.535156 1.148438 -5.515625 1.171875 -5.484375 L 4.671875 -0.75 L 4.59375 -0.609375 L 4.59375 -5.34375 C 4.59375 -5.40625 4.613281 -5.457031 4.65625 -5.5 C 4.707031 -5.539062 4.757812 -5.5625 4.8125 -5.5625 Z M 4.8125 -5.5625 "></path>
      </g>
    </g>
  </g>
  <g fill="#87f1f9" fill-opacity="1">
    <g transform="translate(229.632551, 207.810093)">
      <g>
        <path d="M 4.8125 -5.15625 C 4.875 -5.113281 4.910156 -5.054688 4.921875 -4.984375 C 4.929688 -4.921875 4.914062 -4.859375 4.875 -4.796875 C 4.832031 -4.742188 4.78125 -4.710938 4.71875 -4.703125 C 4.664062 -4.703125 4.613281 -4.71875 4.5625 -4.75 C 4.363281 -4.882812 4.148438 -4.988281 3.921875 -5.0625 C 3.691406 -5.132812 3.441406 -5.171875 3.171875 -5.171875 C 2.847656 -5.171875 2.546875 -5.113281 2.265625 -5 C 1.992188 -4.882812 1.753906 -4.71875 1.546875 -4.5 C 1.335938 -4.289062 1.175781 -4.039062 1.0625 -3.75 C 0.945312 -3.457031 0.890625 -3.132812 0.890625 -2.78125 C 0.890625 -2.425781 0.945312 -2.097656 1.0625 -1.796875 C 1.175781 -1.503906 1.335938 -1.25 1.546875 -1.03125 C 1.765625 -0.820312 2.007812 -0.660156 2.28125 -0.546875 C 2.5625 -0.441406 2.859375 -0.390625 3.171875 -0.390625 C 3.429688 -0.390625 3.675781 -0.425781 3.90625 -0.5 C 4.132812 -0.570312 4.351562 -0.671875 4.5625 -0.796875 C 4.613281 -0.828125 4.664062 -0.835938 4.71875 -0.828125 C 4.78125 -0.828125 4.832031 -0.800781 4.875 -0.75 C 4.925781 -0.6875 4.941406 -0.625 4.921875 -0.5625 C 4.910156 -0.5 4.875 -0.445312 4.8125 -0.40625 C 4.6875 -0.320312 4.53125 -0.242188 4.34375 -0.171875 C 4.164062 -0.0976562 3.972656 -0.0390625 3.765625 0 C 3.566406 0.0507812 3.367188 0.078125 3.171875 0.078125 C 2.785156 0.078125 2.425781 0.0078125 2.09375 -0.125 C 1.757812 -0.257812 1.460938 -0.453125 1.203125 -0.703125 C 0.941406 -0.960938 0.738281 -1.265625 0.59375 -1.609375 C 0.445312 -1.960938 0.375 -2.351562 0.375 -2.78125 C 0.375 -3.195312 0.445312 -3.578125 0.59375 -3.921875 C 0.738281 -4.273438 0.9375 -4.578125 1.1875 -4.828125 C 1.445312 -5.078125 1.742188 -5.273438 2.078125 -5.421875 C 2.421875 -5.566406 2.785156 -5.640625 3.171875 -5.640625 C 3.472656 -5.640625 3.765625 -5.597656 4.046875 -5.515625 C 4.328125 -5.429688 4.582031 -5.3125 4.8125 -5.15625 Z M 4.8125 -5.15625 "></path>
      </g>
    </g>
  </g>
  <g fill="#87f1f9" fill-opacity="1">
    <g transform="translate(236.89122, 207.810093)">
      <g>
        <path d="M 4.0625 -5.59375 C 4.132812 -5.59375 4.191406 -5.566406 4.234375 -5.515625 C 4.273438 -5.472656 4.296875 -5.421875 4.296875 -5.359375 C 4.296875 -5.335938 4.289062 -5.3125 4.28125 -5.28125 C 4.28125 -5.257812 4.269531 -5.234375 4.25 -5.203125 L 2.390625 -2.640625 L 2.484375 -2.953125 L 2.484375 -0.234375 C 2.484375 -0.171875 2.457031 -0.113281 2.40625 -0.0625 C 2.363281 -0.0195312 2.304688 0 2.234375 0 C 2.160156 0 2.101562 -0.0195312 2.0625 -0.0625 C 2.019531 -0.113281 2 -0.171875 2 -0.234375 L 2 -2.890625 L 2.03125 -2.703125 L 0.21875 -5.1875 C 0.195312 -5.21875 0.179688 -5.25 0.171875 -5.28125 C 0.160156 -5.3125 0.15625 -5.335938 0.15625 -5.359375 C 0.15625 -5.429688 0.179688 -5.488281 0.234375 -5.53125 C 0.285156 -5.570312 0.34375 -5.59375 0.40625 -5.59375 C 0.488281 -5.59375 0.554688 -5.554688 0.609375 -5.484375 L 2.3125 -3.15625 L 2.1875 -3.171875 L 3.859375 -5.484375 C 3.910156 -5.554688 3.976562 -5.59375 4.0625 -5.59375 Z M 4.0625 -5.59375 "></path>
      </g>
    </g>
  </g>
</svg>
