<?xml version="1.0" encoding="UTF-8"?>
<svg xmlns="http://www.w3.org/2000/svg" xmlns:xlink="http://www.w3.org/1999/xlink" width="500" zoomAndPan="magnify" viewBox="0 0 375 374.999991" height="500" preserveAspectRatio="xMidYMid meet" version="1.0">
  <defs>
    <g></g>
  </defs>
  <g fill="#000000" fill-opacity="1">
    <g transform="translate(118.373603, 198.743541)">
      <g>
        <path d="M 38 0 L 36 -25.03125 L 35.734375 -25.03125 L 27.09375 -0.25 L 21.359375 -0.25 L 12.703125 -25.03125 L 12.4375 -25.03125 L 10.453125 0 L 0.8125 0 L 4.609375 -42.25 L 14.84375 -42.25 L 24.21875 -17.875 L 33.59375 -42.25 L 43.828125 -42.25 L 47.625 0 Z M 38 0 "></path>
      </g>
    </g>
  </g>
  <g fill="#000000" fill-opacity="1">
    <g transform="translate(161.993963, 198.743541)">
      <g>
        <path d="M 27.234375 -42.25 L 27.234375 -33.796875 L 12.703125 -33.796875 L 12.703125 -25.390625 L 26.625 -25.390625 L 26.625 -16.953125 L 12.703125 -16.953125 L 12.703125 -8.453125 L 27.234375 -8.453125 L 27.234375 0 L 3.078125 0 L 3.078125 -42.25 Z M 27.234375 -42.25 "></path>
      </g>
    </g>
  </g>
  <g fill="#000000" fill-opacity="1">
    <g transform="translate(186.875391, 198.743541)">
      <g>
        <path d="M 18.640625 -43.015625 C 20.921875 -43.015625 23.15625 -42.679688 25.34375 -42.015625 C 27.53125 -41.347656 29.148438 -40.691406 30.203125 -40.046875 L 31.75 -39.015625 L 27.859375 -31.34375 C 27.546875 -31.539062 27.113281 -31.800781 26.5625 -32.125 C 26.019531 -32.445312 25 -32.878906 23.5 -33.421875 C 22 -33.972656 20.597656 -34.25 19.296875 -34.25 C 17.691406 -34.25 16.453125 -33.90625 15.578125 -33.21875 C 14.710938 -32.539062 14.28125 -31.625 14.28125 -30.46875 C 14.28125 -29.882812 14.484375 -29.34375 14.890625 -28.84375 C 15.304688 -28.351562 16.007812 -27.828125 17 -27.265625 C 17.988281 -26.703125 18.859375 -26.25 19.609375 -25.90625 C 20.359375 -25.5625 21.519531 -25.050781 23.09375 -24.375 C 25.820312 -23.207031 28.148438 -21.625 30.078125 -19.625 C 32.003906 -17.632812 32.96875 -15.378906 32.96875 -12.859375 C 32.96875 -10.429688 32.53125 -8.3125 31.65625 -6.5 C 30.789062 -4.6875 29.597656 -3.269531 28.078125 -2.25 C 26.566406 -1.226562 24.890625 -0.472656 23.046875 0.015625 C 21.203125 0.515625 19.203125 0.765625 17.046875 0.765625 C 15.203125 0.765625 13.390625 0.578125 11.609375 0.203125 C 9.835938 -0.171875 8.351562 -0.640625 7.15625 -1.203125 C 5.96875 -1.765625 4.894531 -2.316406 3.9375 -2.859375 C 2.988281 -3.410156 2.289062 -3.875 1.84375 -4.25 L 1.171875 -4.8125 L 5.984375 -12.90625 C 6.398438 -12.5625 6.960938 -12.125 7.671875 -11.59375 C 8.390625 -11.0625 9.660156 -10.351562 11.484375 -9.46875 C 13.316406 -8.582031 14.929688 -8.140625 16.328125 -8.140625 C 20.390625 -8.140625 22.421875 -9.519531 22.421875 -12.28125 C 22.421875 -12.863281 22.273438 -13.398438 21.984375 -13.890625 C 21.703125 -14.390625 21.191406 -14.882812 20.453125 -15.375 C 19.722656 -15.875 19.078125 -16.269531 18.515625 -16.5625 C 17.953125 -16.851562 17.03125 -17.296875 15.75 -17.890625 C 14.46875 -18.492188 13.519531 -18.945312 12.90625 -19.25 C 10.34375 -20.507812 8.359375 -22.085938 6.953125 -23.984375 C 5.554688 -25.878906 4.859375 -27.921875 4.859375 -30.109375 C 4.859375 -33.898438 6.257812 -37 9.0625 -39.40625 C 11.863281 -41.8125 15.054688 -43.015625 18.640625 -43.015625 Z M 18.640625 -43.015625 "></path>
      </g>
    </g>
  </g>
  <g fill="#000000" fill-opacity="1">
    <g transform="translate(216.467155, 198.743541)">
      <g>
        <path d="M 24.53125 -42.25 L 41.578125 0 L 31.234375 0 L 28.109375 -8.453125 L 12.03125 -8.453125 L 8.90625 0 L -1.4375 0 L 15.609375 -42.25 Z M 24.828125 -16.890625 L 20.125 -29.1875 L 20.015625 -29.1875 L 15.3125 -16.890625 Z M 24.828125 -16.890625 "></path>
      </g>
    </g>
  </g>
  <g fill="#000000" fill-opacity="1">
    <g transform="translate(155.287979, 212.61942)">
      <g>
        <path d="M 3.046875 0.109375 C 2.546875 0.109375 2.101562 0.0390625 1.71875 -0.09375 C 1.332031 -0.238281 0.960938 -0.472656 0.609375 -0.796875 C 0.460938 -0.921875 0.390625 -1.0625 0.390625 -1.21875 C 0.390625 -1.34375 0.4375 -1.453125 0.53125 -1.546875 C 0.632812 -1.648438 0.75 -1.703125 0.875 -1.703125 C 0.988281 -1.703125 1.085938 -1.664062 1.171875 -1.59375 C 1.453125 -1.332031 1.738281 -1.140625 2.03125 -1.015625 C 2.320312 -0.898438 2.648438 -0.84375 3.015625 -0.84375 C 3.453125 -0.84375 3.816406 -0.941406 4.109375 -1.140625 C 4.410156 -1.335938 4.5625 -1.585938 4.5625 -1.890625 C 4.5625 -2.253906 4.414062 -2.53125 4.125 -2.71875 C 3.832031 -2.914062 3.382812 -3.082031 2.78125 -3.21875 C 2.070312 -3.363281 1.523438 -3.597656 1.140625 -3.921875 C 0.765625 -4.253906 0.578125 -4.710938 0.578125 -5.296875 C 0.578125 -5.703125 0.679688 -6.054688 0.890625 -6.359375 C 1.109375 -6.671875 1.40625 -6.910156 1.78125 -7.078125 C 2.15625 -7.242188 2.582031 -7.328125 3.0625 -7.328125 C 3.488281 -7.328125 3.890625 -7.253906 4.265625 -7.109375 C 4.648438 -6.972656 4.957031 -6.789062 5.1875 -6.5625 C 5.34375 -6.425781 5.421875 -6.28125 5.421875 -6.125 C 5.421875 -6 5.375 -5.890625 5.28125 -5.796875 C 5.1875 -5.703125 5.078125 -5.65625 4.953125 -5.65625 C 4.859375 -5.65625 4.78125 -5.679688 4.71875 -5.734375 C 4.53125 -5.910156 4.28125 -6.0625 3.96875 -6.1875 C 3.65625 -6.3125 3.351562 -6.375 3.0625 -6.375 C 2.601562 -6.375 2.238281 -6.28125 1.96875 -6.09375 C 1.695312 -5.90625 1.5625 -5.65625 1.5625 -5.34375 C 1.5625 -5.007812 1.695312 -4.75 1.96875 -4.5625 C 2.238281 -4.382812 2.640625 -4.234375 3.171875 -4.109375 C 3.710938 -3.992188 4.148438 -3.859375 4.484375 -3.703125 C 4.828125 -3.546875 5.09375 -3.328125 5.28125 -3.046875 C 5.46875 -2.765625 5.5625 -2.394531 5.5625 -1.9375 C 5.5625 -1.539062 5.445312 -1.1875 5.21875 -0.875 C 5 -0.5625 4.695312 -0.316406 4.3125 -0.140625 C 3.925781 0.0234375 3.503906 0.109375 3.046875 0.109375 Z M 3.046875 0.109375 "></path>
      </g>
    </g>
  </g>
  <g fill="#000000" fill-opacity="1">
    <g transform="translate(168.003251, 212.61942)">
      <g>
        <path d="M 2.203125 -4.4375 L 2.203125 -1.375 C 2.203125 -1.03125 2.351562 -0.859375 2.65625 -0.859375 C 2.707031 -0.859375 2.773438 -0.867188 2.859375 -0.890625 C 2.941406 -0.910156 3.003906 -0.921875 3.046875 -0.921875 C 3.140625 -0.921875 3.21875 -0.882812 3.28125 -0.8125 C 3.34375 -0.738281 3.375 -0.644531 3.375 -0.53125 C 3.375 -0.382812 3.289062 -0.257812 3.125 -0.15625 C 2.957031 -0.0507812 2.769531 0 2.5625 0 C 2.34375 0 2.132812 -0.0195312 1.9375 -0.0625 C 1.75 -0.113281 1.582031 -0.238281 1.4375 -0.4375 C 1.289062 -0.632812 1.21875 -0.929688 1.21875 -1.328125 L 1.21875 -4.4375 L 0.625 -4.4375 C 0.488281 -4.4375 0.378906 -4.476562 0.296875 -4.5625 C 0.210938 -4.65625 0.171875 -4.769531 0.171875 -4.90625 C 0.171875 -5.03125 0.210938 -5.132812 0.296875 -5.21875 C 0.378906 -5.300781 0.488281 -5.34375 0.625 -5.34375 L 1.21875 -5.34375 L 1.21875 -6.203125 C 1.21875 -6.347656 1.265625 -6.46875 1.359375 -6.5625 C 1.453125 -6.65625 1.570312 -6.703125 1.71875 -6.703125 C 1.851562 -6.703125 1.96875 -6.65625 2.0625 -6.5625 C 2.15625 -6.46875 2.203125 -6.347656 2.203125 -6.203125 L 2.203125 -5.34375 L 3.046875 -5.34375 C 3.179688 -5.34375 3.289062 -5.296875 3.375 -5.203125 C 3.457031 -5.117188 3.5 -5.015625 3.5 -4.890625 C 3.5 -4.753906 3.457031 -4.644531 3.375 -4.5625 C 3.289062 -4.476562 3.179688 -4.4375 3.046875 -4.4375 Z M 2.203125 -4.4375 "></path>
      </g>
    </g>
  </g>
  <g fill="#000000" fill-opacity="1">
    <g transform="translate(178.637769, 212.61942)">
      <g>
        <path d="M 4.75 -5.40625 C 4.894531 -5.40625 5.015625 -5.351562 5.109375 -5.25 C 5.203125 -5.15625 5.25 -5.039062 5.25 -4.90625 L 5.25 -2.171875 C 5.25 -1.453125 5.050781 -0.894531 4.65625 -0.5 C 4.257812 -0.101562 3.703125 0.09375 2.984375 0.09375 C 2.265625 0.09375 1.707031 -0.101562 1.3125 -0.5 C 0.925781 -0.894531 0.734375 -1.453125 0.734375 -2.171875 L 0.734375 -4.90625 C 0.734375 -5.039062 0.78125 -5.15625 0.875 -5.25 C 0.96875 -5.351562 1.082031 -5.40625 1.21875 -5.40625 C 1.363281 -5.40625 1.484375 -5.351562 1.578125 -5.25 C 1.671875 -5.15625 1.71875 -5.039062 1.71875 -4.90625 L 1.71875 -2.171875 C 1.71875 -1.265625 2.140625 -0.8125 2.984375 -0.8125 C 3.398438 -0.8125 3.71875 -0.925781 3.9375 -1.15625 C 4.15625 -1.382812 4.265625 -1.722656 4.265625 -2.171875 L 4.265625 -4.90625 C 4.265625 -5.039062 4.3125 -5.15625 4.40625 -5.25 C 4.5 -5.351562 4.613281 -5.40625 4.75 -5.40625 Z M 4.75 -5.40625 "></path>
      </g>
    </g>
  </g>
  <g fill="#000000" fill-opacity="1">
    <g transform="translate(191.332431, 212.61942)">
      <g>
        <path d="M 5.109375 -7.625 C 5.253906 -7.625 5.375 -7.578125 5.46875 -7.484375 C 5.5625 -7.398438 5.609375 -7.285156 5.609375 -7.140625 L 5.609375 -0.5 C 5.609375 -0.351562 5.5625 -0.234375 5.46875 -0.140625 C 5.375 -0.046875 5.253906 0 5.109375 0 C 4.972656 0 4.859375 -0.046875 4.765625 -0.140625 C 4.671875 -0.234375 4.625 -0.351562 4.625 -0.5 L 4.625 -0.78125 C 4.457031 -0.53125 4.21875 -0.316406 3.90625 -0.140625 C 3.59375 0.0234375 3.253906 0.109375 2.890625 0.109375 C 2.429688 0.109375 2.007812 -0.0078125 1.625 -0.25 C 1.25 -0.5 0.953125 -0.835938 0.734375 -1.265625 C 0.515625 -1.691406 0.40625 -2.175781 0.40625 -2.71875 C 0.40625 -3.25 0.507812 -3.726562 0.71875 -4.15625 C 0.9375 -4.59375 1.234375 -4.929688 1.609375 -5.171875 C 1.992188 -5.410156 2.410156 -5.53125 2.859375 -5.53125 C 3.222656 -5.53125 3.5625 -5.453125 3.875 -5.296875 C 4.1875 -5.148438 4.4375 -4.957031 4.625 -4.71875 L 4.625 -7.140625 C 4.625 -7.285156 4.671875 -7.398438 4.765625 -7.484375 C 4.859375 -7.578125 4.972656 -7.625 5.109375 -7.625 Z M 3.015625 -0.796875 C 3.335938 -0.796875 3.625 -0.878906 3.875 -1.046875 C 4.125 -1.210938 4.316406 -1.441406 4.453125 -1.734375 C 4.597656 -2.023438 4.671875 -2.351562 4.671875 -2.71875 C 4.671875 -3.070312 4.597656 -3.394531 4.453125 -3.6875 C 4.316406 -3.976562 4.125 -4.207031 3.875 -4.375 C 3.625 -4.539062 3.335938 -4.625 3.015625 -4.625 C 2.691406 -4.625 2.40625 -4.539062 2.15625 -4.375 C 1.90625 -4.207031 1.707031 -3.976562 1.5625 -3.6875 C 1.414062 -3.394531 1.34375 -3.070312 1.34375 -2.71875 C 1.34375 -2.351562 1.414062 -2.023438 1.5625 -1.734375 C 1.707031 -1.441406 1.90625 -1.210938 2.15625 -1.046875 C 2.40625 -0.878906 2.691406 -0.796875 3.015625 -0.796875 Z M 3.015625 -0.796875 "></path>
      </g>
    </g>
  </g>
  <g fill="#000000" fill-opacity="1">
    <g transform="translate(204.377327, 212.61942)">
      <g>
        <path d="M 1.65625 -0.5 C 1.65625 -0.351562 1.609375 -0.234375 1.515625 -0.140625 C 1.421875 -0.046875 1.304688 0 1.171875 0 C 1.023438 0 0.90625 -0.046875 0.8125 -0.140625 C 0.726562 -0.234375 0.6875 -0.351562 0.6875 -0.5 L 0.6875 -4.953125 C 0.6875 -5.097656 0.726562 -5.21875 0.8125 -5.3125 C 0.90625 -5.40625 1.023438 -5.453125 1.171875 -5.453125 C 1.304688 -5.453125 1.421875 -5.40625 1.515625 -5.3125 C 1.609375 -5.21875 1.65625 -5.097656 1.65625 -4.953125 Z M 1.15625 -6.140625 C 0.957031 -6.140625 0.816406 -6.175781 0.734375 -6.25 C 0.648438 -6.320312 0.609375 -6.4375 0.609375 -6.59375 L 0.609375 -6.75 C 0.609375 -6.914062 0.65625 -7.03125 0.75 -7.09375 C 0.84375 -7.164062 0.984375 -7.203125 1.171875 -7.203125 C 1.359375 -7.203125 1.492188 -7.164062 1.578125 -7.09375 C 1.671875 -7.019531 1.71875 -6.90625 1.71875 -6.75 L 1.71875 -6.59375 C 1.71875 -6.425781 1.671875 -6.304688 1.578125 -6.234375 C 1.492188 -6.171875 1.351562 -6.140625 1.15625 -6.140625 Z M 1.15625 -6.140625 "></path>
      </g>
    </g>
  </g>
  <g fill="#000000" fill-opacity="1">
    <g transform="translate(213.435823, 212.61942)">
      <g>
        <path d="M 5.84375 -2.703125 C 5.84375 -2.160156 5.722656 -1.675781 5.484375 -1.25 C 5.242188 -0.832031 4.914062 -0.5 4.5 -0.25 C 4.082031 -0.0078125 3.625 0.109375 3.125 0.109375 C 2.625 0.109375 2.164062 -0.0078125 1.75 -0.25 C 1.332031 -0.5 1.003906 -0.832031 0.765625 -1.25 C 0.523438 -1.675781 0.40625 -2.160156 0.40625 -2.703125 C 0.40625 -3.234375 0.523438 -3.71875 0.765625 -4.15625 C 1.003906 -4.59375 1.332031 -4.929688 1.75 -5.171875 C 2.164062 -5.410156 2.625 -5.53125 3.125 -5.53125 C 3.625 -5.53125 4.082031 -5.410156 4.5 -5.171875 C 4.914062 -4.929688 5.242188 -4.59375 5.484375 -4.15625 C 5.722656 -3.71875 5.84375 -3.234375 5.84375 -2.703125 Z M 4.875 -2.703125 C 4.875 -3.078125 4.796875 -3.410156 4.640625 -3.703125 C 4.484375 -3.992188 4.269531 -4.21875 4 -4.375 C 3.738281 -4.539062 3.445312 -4.625 3.125 -4.625 C 2.800781 -4.625 2.503906 -4.539062 2.234375 -4.375 C 1.972656 -4.21875 1.765625 -3.992188 1.609375 -3.703125 C 1.453125 -3.410156 1.375 -3.078125 1.375 -2.703125 C 1.375 -2.335938 1.453125 -2.007812 1.609375 -1.71875 C 1.765625 -1.4375 1.972656 -1.210938 2.234375 -1.046875 C 2.503906 -0.878906 2.800781 -0.796875 3.125 -0.796875 C 3.445312 -0.796875 3.738281 -0.878906 4 -1.046875 C 4.269531 -1.210938 4.484375 -1.4375 4.640625 -1.71875 C 4.796875 -2.007812 4.875 -2.335938 4.875 -2.703125 Z M 4.875 -2.703125 "></path>
      </g>
    </g>
  </g>
</svg>
